9999999999999999999999999999999999999999999999999999999999999999999999999999999999999999999999999999999999999999999999999999999999999999999999999999999
9999999999999999999999999999999999999999999999999999999999999999999999999999999999999999999999999999999999999999999999999999999999999999999999999999999
9999999999999999999999999999999999999999999999999999999999999999999999999999999999999999999999999999999999999999999999999999999999999999999999999999899
9999999999999999999999999999999999999999999999999999999999999999999999999999999999999999999999999999999999999999999999999999999999988999999999999988888
9999999999999999999999999999999999999999999999999999999999999999999999999999999999999999889999999999999999999999999999999998888888888899999888888888888
9999999999999999999999999999999999998999999999999999999999999999999999999999999998888888888889999999999999999999999999888888888888888889998888888888888
9999999999999999999999999999999999888889999988888888999999988889999998889998888888888888888888888888899999888889999888888888888888888888888888888888888
9999999999999999999999999999999998888888888888888888888988888888888888888888888888888888888888888888888888888888888888888888888888888888888888888888888
9999999999999999999999999999998888888888888888888888888888888888888888888888888888888888888888888888888888888888888888888888888888888888888555555555888
9999999999999999999999999999988888888888888888888888888888888888888888888888888888888888888888888888855555555555888888888855555555555555555555555555555
9999999999999999999999999988888888888888888888888888888888888888888888888888888888888888888888555555555555555555555535555555555555555555555555555555555
9999999999999998889999999888888888888888888888888888888888888888888888888888888888888888885555555555555555555555555355555555555555555555555555555555555
9999999999999988888899998888888888888888888888888888888888888888888888888888888888888885555555555555555555555555553555555555555555555555555555555555555
9999988889999888888888888888888888888888888888888888888888888888888888888888555558888833333333333333333333553333335555555555555555555555555555555555555
9888888888888888888888888888888888888888888888888888888888888888888888855555555555555333333333333333333333355555533555555555555555555555555555555555555
8888888888888888888888888888888888888555555558888888888888555555555555555555555555533333333333333333333333335555535355555555555555533333333333333333333
8888888888888888888888555588885555555555555555555555555555555555555555555555555555333333333333333333333333344444434434444444333333333333333333333333333
8888888888888888855555555555555555555555555555555555555555555555555555555555555444433333333333333333333333344444434444444433333333333333333333333333333
8888888855555555555555555555555555555555555555555555544444444444444444444444444444433333333333333333333333344433333333333333333333333333333333333333333
5555555555555555555555555555555555555555555544444444444444443333333333333333333333333333333333333333333333333333333333333333333333333111111111111111111
5555555555555555555555555555555555544444444444444444444444333333333333333333333333333333333333333333333333333333333333331111111111111111111111111111111
5555555555555555544444444444444444444444444444444444443333333333333333333333333333333333333333333333333333333311111111111111111111111111111111111111111
4444444444444444444444444444444444444444444444444333333333333333333333333333333333333333333333333333333331111111111111111111111111111111111111111111111
3333333333333333333333333333333333333333333333333333333333333333333333333333333333333333333333333333333111111111111111111111111111111111111111111111111
3333333333333333333333333333333333333333333333333333333333333333333333333333333333332222222222222221111111111111111111111111111111111111111111111111111
2222222222222222222222222222222222222222222222222222222222222222222222222222222222222222222111111111111111111111111111111111111111111111111111111111111
2222222222222222222222222222222222221212222222222222222222222222222222222211111111111111111111111111111111111111111111111111111111111111111111111111111
1111111111111111111111111111111111111111111111111111111111111111111111111111111111111111111111111111111111111111111111111111111111111111111111111111111
1111111111111111111111111111111111111111111111111111111111111111111111111111111111111111111111111111111111111111111111111111111111111111111111111111111
1111111111111111111111111111111111111111111111111111111111111111111111111111111111111111111111111111111111111111111111111111111111111111111111111111111
1111111111111111111111111111111111111111111111111111111111111111111111111111111111111111111111111111111111111111111111111111111111111111111111111111111